cx: 640.4970574667751
cy: 364.56412476935316
fx: 9906.3413140717
fy: 14097.437959861376
k1: -15.927163616073916
k2: -1.1741701626468917
k3: -0.0017038265789657838
p1: 0.020875359800393543
p2: 0.004835578099903821
